,BA_spead,last_traded_price,Smart_price,Liquidity_imb,market_cost,remained_shares,remained_time,reward,order_type,is_buy,premium,obj_price,base_price,executed,done
1800,0.060000000000002274,0.149512,0.14953500000000003,0.0,0.0019223500000000353,5.0,5.0,0.0,Type.LIMIT_SELL,False,0.05999999865889549,149.5459999986589,149.48600000000002,0,False
1801,0.009999999999990905,0.1495,0.14950875,-0.015,0.002192500000000024,5.0,4.0,0.0,Type.LIMIT_SELL,False,0.07999999821186066,149.55999999821185,149.48,0,False
1802,0.030000000000001137,0.14944,0.149455,0.027,0.0020915999999999713,5.0,3.0,0.0,Type.LIMIT_SELL,False,0.09000000357627869,149.53000000357628,149.44,0,False
1803,0.05000000000001137,0.1495,0.1494653846153846,0.015,0.0019817500000000373,5.0,2.0,36.00000014901161,Type.LIMIT_SELL,False,0.07000000029802322,149.51800000029803,149.448,5,True
1804,0.04999999999998295,0.14949,0.1495,-0.003,0.0024930999999997995,5.0,5.0,0.0,Type.LIMIT_BUY,True,0.09000000357627869,149.4499999964237,149.54,0,False
1805,0.04999999999998295,0.14949,0.1495,-0.003,0.0024930999999997995,5.0,4.0,0.0,Type.LIMIT_BUY,True,0.07000000029802322,149.48999999970198,149.56,0,False
1806,0.060000000000002274,0.14949199999999999,0.1494823076923077,-0.007,0.002542649999999895,5.0,3.0,32.79999928474426,Type.LIMIT_BUY,True,0.07999999821186066,149.43000000178813,149.51,4,False
1807,0.05000000000001137,0.14946,0.1494422222222222,-0.034,0.0004984100000000069,1.0,2.0,0.0,Type.LIMIT_BUY,True,0.029999999329447746,149.44000000067055,149.47,0,False
1808,0.06999999999999318,0.14948,0.14947666666666665,-0.01,0.0005184999999999888,1.0,1.0,0.0,Type.LIMIT_BUY,True,0.03999999910593033,149.51000000089408,149.55,0,False
1809,0.05999999999997385,0.14964,0.1495968,-0.015,0.0005089199999999607,1.0,0.0,-0.3,Type.MARKET_BUY,True,0.03999999910593033,149.55000000089407,149.59,1,True
1810,0.05999999999997385,0.14964,0.1495968,0.015,0.0023324400000000766,6.0,5.0,0.0,Type.LIMIT_SELL,False,0.07999999821186066,149.63833333154517,149.5583333333333,0,False
1811,0.06999999999999318,0.14956999999999998,0.1496025,0.012,0.0022718999999999595,6.0,4.0,0.0,Type.LIMIT_SELL,False,0.07000000029802322,149.585000000298,149.515,0,False
1812,0.030000000000001137,0.14955000000000002,0.14952750000000004,0.016,0.0024413599999998864,6.0,3.0,0.0,Type.LIMIT_SELL,False,0.09000000357627869,149.5383333369096,149.44833333333332,0,False
1813,0.060000000000002274,0.1495,0.1495,0.004,0.0021504599999998095,6.0,2.0,37.1999991953373,Type.LIMIT_SELL,False,0.05999999865889549,149.5299999986589,149.47,6,True
1814,0.0800000000000125,0.14952000000000001,0.14950789473684212,-0.011,0.0031718999999999936,6.0,5.0,0.0,Type.LIMIT_BUY,True,0.05000000074505806,149.5199999992549,149.56999999999996,0,False
1815,0.07999999999998408,0.14952000000000001,0.1495348,-0.007,0.0031722599999997668,6.0,4.0,31.200000447034835,Type.LIMIT_BUY,True,0.05000000074505806,149.5199999992549,149.56999999999996,6,True
1816,0.07999999999998408,0.14953999999999998,0.1495092,0.024,0.0003684700000000021,1.0,5.0,1.1999999776482582,Type.LIMIT_SELL,False,0.009999999776482582,149.53999999977648,149.53,1,True
1817,0.060000000000002274,0.14953,0.149538,-0.001,0.0005086499999999888,1.0,5.0,1.1999999776482582,Type.LIMIT_BUY,True,0.009999999776482582,149.5600000002235,149.57,1,True
1818,0.06999999999999318,0.1495,0.14954666666666666,-0.014,0.000757000000000005,2.0,5.0,2.3999999552965163,Type.LIMIT_SELL,False,0.009999999776482582,149.50999999977648,149.5,2,True
1819,0.06999999999999318,0.1495,0.14955133333333334,0.016,0.0010374199999999404,2.0,5.0,0.0,Type.LIMIT_BUY,True,0.009999999776482582,149.52000000022352,149.53,0,False
1820,0.06999999999999318,0.14953,0.14953627906976746,-0.022,0.0010375399999999785,2.0,4.0,4.399999910593033,Type.LIMIT_BUY,True,0.019999999552965164,149.66000000044704,149.68,2,True
1821,0.06999999999999318,0.149651,0.1496469230769231,0.008,0.0011365800000000092,3.0,5.0,6.599999865889549,Type.LIMIT_SELL,False,0.019999999552965164,149.63999999955297,149.62,3,True
1822,0.06999999999999318,0.14966,0.14967833333333333,0.016,0.0015572099999999125,3.0,5.0,9.599999798834324,Type.LIMIT_BUY,True,0.029999999329447746,149.73000000067054,149.76,3,True
1823,0.06999999999999318,0.14971,0.14970024390243902,0.057,0.0015162799999999378,4.0,5.0,16.799999642372132,Type.LIMIT_SELL,False,0.03999999910593033,149.74999999910594,149.71,4,True
1824,0.060000000000002274,0.14976,0.14972655172413796,-0.022,0.002037239999999997,4.0,5.0,3.199999932944775,Type.LIMIT_BUY,True,0.029999999329447746,149.64000000067054,149.67,1,False
1825,0.03999999999999204,0.149659,0.14965777777777778,0.019,0.001486939999999958,3.0,4.0,15.600000223517418,Type.LIMIT_BUY,True,0.05000000074505806,149.61999999925493,149.67,3,True
1826,0.04999999999998295,0.14966,0.14965541666666668,-0.017,0.0019943000000000664,5.0,5.0,0.0,Type.LIMIT_SELL,False,0.05999999865889549,149.62199999865888,149.56199999999998,0,False
1827,0.03999999999999204,0.149574,0.14957714285714285,0.0,0.00204340000000002,5.0,4.0,36.00000014901161,Type.LIMIT_SELL,False,0.07000000029802322,149.59400000029802,149.524,5,True
1828,0.06999999999999318,0.149585,0.1496121052631579,-0.001,0.0025948999999998532,5.0,5.0,26.00000037252903,Type.LIMIT_BUY,True,0.05000000074505806,149.58999999925493,149.64,5,True
1829,0.05000000000001137,0.14956,0.1495525,-0.014,0.0021917199999999426,6.0,5.0,6.199999865889549,Type.LIMIT_SELL,False,0.05999999865889549,149.5799999986589,149.52,1,False
1830,0.060000000000002274,0.14956999999999998,0.14960142857142858,-0.013,0.001943249999999921,5.0,4.0,10.400000149011612,Type.LIMIT_SELL,False,0.05000000074505806,149.60200000074505,149.552,2,False
1831,0.060000000000002274,0.149592,0.14958600000000002,-0.012,0.0011659499999999525,3.0,3.0,0.0,Type.LIMIT_SELL,False,0.07000000029802322,149.64000000029802,149.57,0,False
1832,0.04999999999998295,0.149563,0.14959666666666668,-0.018,0.0011959500000000105,3.0,2.0,0.0,Type.LIMIT_SELL,False,0.05000000074505806,149.62000000074505,149.57,0,False
1833,0.060000000000002274,0.149557,0.14954000000000003,-0.004,0.0011654999999999801,3.0,1.0,0.0,Type.LIMIT_SELL,False,0.07000000029802322,149.57666666696468,149.50666666666666,0,False
1834,0.030000000000001137,0.14953999999999998,0.14953500000000003,-0.007,0.0012156799999999478,3.0,0.0,-0.8999999999999999,Type.MARKET_SELL,False,0.009999999776482582,149.53999999977648,149.53,3,True
1835,0.030000000000001137,0.14953999999999998,0.14953500000000003,0.007,0.0029218999999997912,6.0,5.0,14.400000059604645,Type.LIMIT_BUY,True,0.07000000029802322,149.42666666636865,149.49666666666667,2,False
1836,0.0700000000000216,0.14949,0.14945111111111112,0.01,0.002073880000000031,4.0,4.0,8.399999821186066,Type.LIMIT_BUY,True,0.03999999910593033,149.48500000089408,149.525,2,False
1837,0.06999999999999318,0.14948,0.1494911111111111,0.002,0.001037179999999978,2.0,3.0,0.0,Type.LIMIT_BUY,True,0.03999999910593033,149.49000000089407,149.53,0,False
1838,0.030000000000001137,0.14956,0.14955999999999997,-0.021,0.0009674199999999931,2.0,2.0,0.0,Type.LIMIT_BUY,True,0.05999999865889549,149.5100000013411,149.57,0,False
1839,0.03999999999999204,0.14959999999999998,0.14960857142857142,-0.021,0.000977839999999958,2.0,1.0,0.0,Type.LIMIT_BUY,True,0.03999999910593033,149.66000000089406,149.7,0,False
1840,0.03999999999999204,0.14967,0.149654,-0.026,0.0009780199999999582,2.0,0.0,-0.6,Type.MARKET_BUY,True,0.019999999552965164,149.65000000044702,149.67,2,True
1841,0.03999999999999204,0.14967,0.149654,0.026,0.00040888999999998533,1.0,5.0,1.1999999776482582,Type.LIMIT_SELL,False,0.009999999776482582,149.63999999977648,149.63,1,True
1842,0.14000000000001478,0.14962999999999999,0.14963608695652172,-0.046,0.0005893100000000117,1.0,5.0,1.1999999776482582,Type.LIMIT_BUY,True,0.009999999776482582,149.70000000022353,149.71,1,True
1843,0.05000000000001137,0.14971,0.14969333333333334,0.034,0.0007979599999999322,2.0,5.0,2.3999999552965163,Type.LIMIT_SELL,False,0.009999999776482582,149.66999999977648,149.66,2,True
1844,0.05000000000001137,0.14966,0.14967666666666668,-0.041,0.0009982600000000162,2.0,5.0,2.3999999552965163,Type.LIMIT_BUY,True,0.009999999776482582,149.71000000022352,149.72,2,True
1845,0.060000000000002274,0.14971,0.14967333333333332,0.045,0.0011469400000000114,3.0,5.0,0.0,Type.LIMIT_SELL,False,0.029999999329447746,149.70999999932943,149.67999999999998,0,False
1846,0.060000000000002274,0.1497,0.14967333333333332,0.045,0.0011469400000000114,3.0,4.0,9.599999798834324,Type.LIMIT_SELL,False,0.029999999329447746,149.62999999932944,149.6,3,True
1847,0.029999999999972715,0.14962,0.14963666666666667,0.023,0.001476759999999967,3.0,5.0,0.0,Type.LIMIT_BUY,True,0.029999999329447746,149.69000000067055,149.72,0,False
1848,0.0800000000000125,0.14968,0.149672,-0.024,0.001587479999999971,3.0,4.0,0.0,Type.LIMIT_BUY,True,0.05000000074505806,149.65999999925495,149.71,0,False
1849,0.0800000000000125,0.14967,0.1496605128205128,-0.038,0.001587479999999971,3.0,3.0,0.0,Type.LIMIT_BUY,True,0.05999999865889549,149.6400000013411,149.7,0,False
